type vertexCount density time
sc 100 0.01 13
bfs 100 0.01 16
dfs 100 0.01 14
sc 100 0.01 13
bfs 100 0.01 24
dfs 100 0.01 21
sc 100 0.01 14
bfs 100 0.01 26
dfs 100 0.01 23
sc 100 0.01 13
bfs 100 0.01 20
dfs 100 0.01 18
sc 100 0.01 13
bfs 100 0.01 23
dfs 100 0.01 20
sc 100 0.01 13
bfs 100 0.01 31
dfs 100 0.01 27
sc 100 0.01 13
bfs 100 0.01 27
dfs 100 0.01 24
sc 100 0.01 13
bfs 100 0.01 22
dfs 100 0.01 19
sc 100 0.01 13
bfs 100 0.01 19
dfs 100 0.01 16
sc 100 0.01 13
bfs 100 0.01 26
dfs 100 0.01 23
sc 100 0.05 19
bfs 100 0.05 8
dfs 100 0.05 7
sc 100 0.05 19
bfs 100 0.05 23
dfs 100 0.05 21
sc 100 0.05 19
bfs 100 0.05 15
dfs 100 0.05 14
sc 100 0.05 19
bfs 100 0.05 8
dfs 100 0.05 7
sc 100 0.05 20
bfs 100 0.05 8
dfs 100 0.05 7
sc 100 0.05 19
bfs 100 0.05 8
dfs 100 0.05 7
sc 100 0.05 19
bfs 100 0.05 15
dfs 100 0.05 14
sc 100 0.05 19
bfs 100 0.05 8
dfs 100 0.05 7
sc 100 0.05 19
bfs 100 0.05 22
dfs 100 0.05 21
sc 100 0.05 20
bfs 100 0.05 8
dfs 100 0.05 8
sc 100 0.1 27
bfs 100 0.1 10
dfs 100 0.1 10
sc 100 0.1 27
bfs 100 0.1 10
dfs 100 0.1 10
sc 100 0.1 27
bfs 100 0.1 10
dfs 100 0.1 10
sc 100 0.1 27
bfs 100 0.1 10
dfs 100 0.1 10
sc 100 0.1 27
bfs 100 0.1 10
dfs 100 0.1 10
sc 100 0.1 27
bfs 100 0.1 10
dfs 100 0.1 10
sc 100 0.1 27
bfs 100 0.1 11
dfs 100 0.1 10
sc 100 0.1 28
bfs 100 0.1 10
dfs 100 0.1 10
sc 100 0.1 28
bfs 100 0.1 11
dfs 100 0.1 10
sc 100 0.1 27
bfs 100 0.1 11
dfs 100 0.1 11
sc 100 0.5 95
bfs 100 0.5 31
dfs 100 0.5 30
sc 100 0.5 93
bfs 100 0.5 30
dfs 100 0.5 30
sc 100 0.5 88
bfs 100 0.5 31
dfs 100 0.5 31
sc 100 0.5 88
bfs 100 0.5 30
dfs 100 0.5 31
sc 100 0.5 87
bfs 100 0.5 32
dfs 100 0.5 31
sc 100 0.5 96
bfs 100 0.5 32
dfs 100 0.5 32
sc 100 0.5 91
bfs 100 0.5 32
dfs 100 0.5 31
sc 100 0.5 89
bfs 100 0.5 30
dfs 100 0.5 30
sc 100 0.5 91
bfs 100 0.5 31
dfs 100 0.5 30
sc 100 0.5 92
bfs 100 0.5 30
dfs 100 0.5 30
sc 100 1 165
bfs 100 1 55
dfs 100 1 55
sc 100 1 164
bfs 100 1 57
dfs 100 1 58
sc 100 1 172
bfs 100 1 58
dfs 100 1 59
sc 100 1 172
bfs 100 1 58
dfs 100 1 59
sc 100 1 176
bfs 100 1 58
dfs 100 1 57
sc 100 1 172
bfs 100 1 58
dfs 100 1 57
sc 100 1 173
bfs 100 1 57
dfs 100 1 55
sc 100 1 167
bfs 100 1 56
dfs 100 1 59
sc 100 1 174
bfs 100 1 59
dfs 100 1 57
sc 100 1 168
bfs 100 1 57
dfs 100 1 56
sc 500 0.01 96
bfs 500 0.01 188
dfs 500 0.01 175
sc 500 0.01 97
bfs 500 0.01 262
dfs 500 0.01 245
sc 500 0.01 96
bfs 500 0.01 114
dfs 500 0.01 106
sc 500 0.01 96
bfs 500 0.01 114
dfs 500 0.01 107
sc 500 0.01 97
bfs 500 0.01 41
dfs 500 0.01 38
sc 500 0.01 98
bfs 500 0.01 265
dfs 500 0.01 256
sc 500 0.01 97
bfs 500 0.01 323
dfs 500 0.01 307
sc 500 0.01 97
bfs 500 0.01 77
dfs 500 0.01 76
sc 500 0.01 96
bfs 500 0.01 158
dfs 500 0.01 144
sc 500 0.01 100
bfs 500 0.01 326
dfs 500 0.01 317
sc 500 0.05 251
bfs 500 0.05 90
dfs 500 0.05 88
sc 500 0.05 253
bfs 500 0.05 91
dfs 500 0.05 89
sc 500 0.05 253
bfs 500 0.05 90
dfs 500 0.05 89
sc 500 0.05 263
bfs 500 0.05 97
dfs 500 0.05 92
sc 500 0.05 253
bfs 500 0.05 97
dfs 500 0.05 92
sc 500 0.05 266
bfs 500 0.05 94
dfs 500 0.05 91
sc 500 0.05 256
bfs 500 0.05 92
dfs 500 0.05 91
sc 500 0.05 253
bfs 500 0.05 90
dfs 500 0.05 89
sc 500 0.05 255
bfs 500 0.05 91
dfs 500 0.05 89
sc 500 0.05 257
bfs 500 0.05 92
dfs 500 0.05 89
sc 500 0.1 459
bfs 500 0.1 160
dfs 500 0.1 153
sc 500 0.1 449
bfs 500 0.1 155
dfs 500 0.1 156
sc 500 0.1 457
bfs 500 0.1 157
dfs 500 0.1 159
sc 500 0.1 452
bfs 500 0.1 154
dfs 500 0.1 154
sc 500 0.1 446
bfs 500 0.1 154
dfs 500 0.1 163
sc 500 0.1 473
bfs 500 0.1 159
dfs 500 0.1 159
sc 500 0.1 465
bfs 500 0.1 158
dfs 500 0.1 154
sc 500 0.1 451
bfs 500 0.1 157
dfs 500 0.1 155
sc 500 0.1 451
bfs 500 0.1 156
dfs 500 0.1 155
sc 500 0.1 452
bfs 500 0.1 157
dfs 500 0.1 156
sc 500 0.5 2088
bfs 500 0.5 688
dfs 500 0.5 705
sc 500 0.5 1976
bfs 500 0.5 654
dfs 500 0.5 664
sc 500 0.5 1968
bfs 500 0.5 657
dfs 500 0.5 657
sc 500 0.5 1960
bfs 500 0.5 651
dfs 500 0.5 657
sc 500 0.5 1968
bfs 500 0.5 652
dfs 500 0.5 662
sc 500 0.5 1976
bfs 500 0.5 659
dfs 500 0.5 664
sc 500 0.5 1968
bfs 500 0.5 654
dfs 500 0.5 659
sc 500 0.5 1992
bfs 500 0.5 678
dfs 500 0.5 692
sc 500 0.5 2144
bfs 500 0.5 688
dfs 500 0.5 700
sc 500 0.5 2008
bfs 500 0.5 681
dfs 500 0.5 720
sc 500 1 4032
bfs 500 1 1366
dfs 500 1 1360
sc 500 1 4224
bfs 500 1 1331
dfs 500 1 1363
sc 500 1 4024
bfs 500 1 1368
dfs 500 1 1400
sc 500 1 3928
bfs 500 1 1299
dfs 500 1 1355
sc 500 1 4064
bfs 500 1 1331
dfs 500 1 1352
sc 500 1 3944
bfs 500 1 1348
dfs 500 1 1361
sc 500 1 4080
bfs 500 1 1294
dfs 500 1 1299
sc 500 1 3896
bfs 500 1 1291
dfs 500 1 1352
sc 500 1 4016
bfs 500 1 1292
dfs 500 1 1299
sc 500 1 3912
bfs 500 1 1288
dfs 500 1 1297
sc 1000 0.01 275
bfs 1000 0.01 105
dfs 1000 0.01 101
sc 1000 0.01 274
bfs 1000 0.01 105
dfs 1000 0.01 106
sc 1000 0.01 281
bfs 1000 0.01 108
dfs 1000 0.01 104
sc 1000 0.01 284
bfs 1000 0.01 108
dfs 1000 0.01 107
sc 1000 0.01 288
bfs 1000 0.01 111
dfs 1000 0.01 103
sc 1000 0.01 281
bfs 1000 0.01 107
dfs 1000 0.01 101
sc 1000 0.01 277
bfs 1000 0.01 105
dfs 1000 0.01 107
sc 1000 0.01 287
bfs 1000 0.01 111
dfs 1000 0.01 103
sc 1000 0.01 292
bfs 1000 0.01 113
dfs 1000 0.01 113
sc 1000 0.01 298
bfs 1000 0.01 116
dfs 1000 0.01 112
sc 1000 0.05 988
bfs 1000 0.05 345
dfs 1000 0.05 355
sc 1000 0.05 956
bfs 1000 0.05 321
dfs 1000 0.05 331
sc 1000 0.05 924
bfs 1000 0.05 322
dfs 1000 0.05 312
sc 1000 0.05 904
bfs 1000 0.05 313
dfs 1000 0.05 313
sc 1000 0.05 900
bfs 1000 0.05 312
dfs 1000 0.05 311
sc 1000 0.05 894
bfs 1000 0.05 315
dfs 1000 0.05 310
sc 1000 0.05 918
bfs 1000 0.05 318
dfs 1000 0.05 320
sc 1000 0.05 924
bfs 1000 0.05 326
dfs 1000 0.05 320
sc 1000 0.05 886
bfs 1000 0.05 322
dfs 1000 0.05 310
sc 1000 0.05 905
bfs 1000 0.05 317
dfs 1000 0.05 313
sc 1000 0.1 1680
bfs 1000 0.1 566
dfs 1000 0.1 568
sc 1000 0.1 1688
bfs 1000 0.1 566
dfs 1000 0.1 569
sc 1000 0.1 1744
bfs 1000 0.1 560
dfs 1000 0.1 568
sc 1000 0.1 1664
bfs 1000 0.1 590
dfs 1000 0.1 588
sc 1000 0.1 1664
bfs 1000 0.1 563
dfs 1000 0.1 564
sc 1000 0.1 1656
bfs 1000 0.1 561
dfs 1000 0.1 566
sc 1000 0.1 1680
bfs 1000 0.1 566
dfs 1000 0.1 579
sc 1000 0.1 1648
bfs 1000 0.1 584
dfs 1000 0.1 571
sc 1000 0.1 1680
bfs 1000 0.1 561
dfs 1000 0.1 563
sc 1000 0.1 1736
bfs 1000 0.1 592
dfs 1000 0.1 564
sc 1000 0.5 8360
bfs 1000 0.5 2752
dfs 1000 0.5 2616
sc 1000 0.5 8160
bfs 1000 0.5 2752
dfs 1000 0.5 2640
sc 1000 0.5 8040
bfs 1000 0.5 2672
dfs 1000 0.5 2672
sc 1000 0.5 8200
bfs 1000 0.5 2688
dfs 1000 0.5 2600
sc 1000 0.5 7832
bfs 1000 0.5 2576
dfs 1000 0.5 2760
sc 1000 0.5 8360
bfs 1000 0.5 2768
dfs 1000 0.5 2648
sc 1000 0.5 8240
bfs 1000 0.5 2720
dfs 1000 0.5 2640
sc 1000 0.5 7960
bfs 1000 0.5 2568
dfs 1000 0.5 2592
sc 1000 0.5 8200
bfs 1000 0.5 2624
dfs 1000 0.5 2600
sc 1000 0.5 7896
bfs 1000 0.5 2728
dfs 1000 0.5 2752
sc 1000 1 15720
bfs 1000 1 5304
dfs 1000 1 5464
sc 1000 1 16960
bfs 1000 1 5224
dfs 1000 1 5528
sc 1000 1 16440
bfs 1000 1 5560
dfs 1000 1 5240
sc 1000 1 15680
bfs 1000 1 5168
dfs 1000 1 5200
sc 1000 1 15640
bfs 1000 1 5280
dfs 1000 1 5184
sc 1000 1 16360
bfs 1000 1 5144
dfs 1000 1 5160
sc 1000 1 15600
bfs 1000 1 5128
dfs 1000 1 5152
sc 1000 1 15720
bfs 1000 1 5144
dfs 1000 1 5368
sc 1000 1 16160
bfs 1000 1 5128
dfs 1000 1 5160
sc 1000 1 15760
bfs 1000 1 5232
dfs 1000 1 5152
sc 5000 0.01 4728
bfs 5000 0.01 1635
dfs 5000 0.01 1574
sc 5000 0.01 4464
bfs 5000 0.01 1553
dfs 5000 0.01 1544
sc 5000 0.01 4456
bfs 5000 0.01 1550
dfs 5000 0.01 1582
sc 5000 0.01 4552
bfs 5000 0.01 1598
dfs 5000 0.01 1640
sc 5000 0.01 4688
bfs 5000 0.01 1624
dfs 5000 0.01 1624
sc 5000 0.01 4488
bfs 5000 0.01 1552
dfs 5000 0.01 1534
sc 5000 0.01 4528
bfs 5000 0.01 1545
dfs 5000 0.01 1548
sc 5000 0.01 4520
bfs 5000 0.01 1587
dfs 5000 0.01 1576
sc 5000 0.01 4464
bfs 5000 0.01 1555
dfs 5000 0.01 1539
sc 5000 0.01 4440
bfs 5000 0.01 1592
dfs 5000 0.01 1608
sc 5000 0.05 19880
bfs 5000 0.05 6688
dfs 5000 0.05 7032
sc 5000 0.05 20800
bfs 5000 0.05 6816
dfs 5000 0.05 7272
sc 5000 0.05 20280
bfs 5000 0.05 6784
dfs 5000 0.05 6728
sc 5000 0.05 19880
bfs 5000 0.05 6672
dfs 5000 0.05 6768
sc 5000 0.05 22040
bfs 5000 0.05 7408
dfs 5000 0.05 7400
sc 5000 0.05 20160
bfs 5000 0.05 6888
dfs 5000 0.05 6840
sc 5000 0.05 20000
bfs 5000 0.05 6760
dfs 5000 0.05 6816
sc 5000 0.05 20200
bfs 5000 0.05 6752
dfs 5000 0.05 6800
sc 5000 0.05 20480
bfs 5000 0.05 6816
dfs 5000 0.05 6912
sc 5000 0.05 20160
bfs 5000 0.05 6776
dfs 5000 0.05 6800
sc 5000 0.1 40400
bfs 5000 0.1 13160
dfs 5000 0.1 13320
sc 5000 0.1 39920
bfs 5000 0.1 13200
dfs 5000 0.1 13320
sc 5000 0.1 39240
bfs 5000 0.1 13200
dfs 5000 0.1 13240
sc 5000 0.1 39400
bfs 5000 0.1 13120
dfs 5000 0.1 13320
sc 5000 0.1 39320
bfs 5000 0.1 13240
dfs 5000 0.1 13240
sc 5000 0.1 39680
bfs 5000 0.1 13200
dfs 5000 0.1 13320
sc 5000 0.1 39360
bfs 5000 0.1 13160
dfs 5000 0.1 13360
sc 5000 0.1 39360
bfs 5000 0.1 13160
dfs 5000 0.1 13280
sc 5000 0.1 39400
bfs 5000 0.1 13120
dfs 5000 0.1 13280
sc 5000 0.1 39440
bfs 5000 0.1 13200
dfs 5000 0.1 13200
sc 5000 0.5 193200
bfs 5000 0.5 64800
dfs 5000 0.5 64800
sc 5000 0.5 194000
bfs 5000 0.5 64400
dfs 5000 0.5 65000
sc 5000 0.5 193400
bfs 5000 0.5 65000
dfs 5000 0.5 65000
sc 5000 0.5 194400
bfs 5000 0.5 64400
dfs 5000 0.5 64800
sc 5000 0.5 193600
bfs 5000 0.5 64600
dfs 5000 0.5 65400
sc 5000 0.5 193600
bfs 5000 0.5 64200
dfs 5000 0.5 64600
sc 5000 0.5 196600
bfs 5000 0.5 64800
dfs 5000 0.5 64600
sc 5000 0.5 192800
bfs 5000 0.5 64200
dfs 5000 0.5 64400
sc 5000 0.5 195200
bfs 5000 0.5 66200
dfs 5000 0.5 66600
sc 5000 0.5 193800
bfs 5000 0.5 66200
dfs 5000 0.5 67000
sc 5000 1 388000
bfs 5000 1 128200
dfs 5000 1 129200
sc 5000 1 384800
bfs 5000 1 128000
dfs 5000 1 128200
sc 5000 1 388000
bfs 5000 1 127800
dfs 5000 1 128800
sc 5000 1 395200
bfs 5000 1 137800
dfs 5000 1 136200
sc 5000 1 412400
bfs 5000 1 137600
dfs 5000 1 139800
sc 5000 1 414200
bfs 5000 1 132400
dfs 5000 1 133200
sc 5000 1 407200
bfs 5000 1 132800
dfs 5000 1 135200
sc 5000 1 400400
bfs 5000 1 133600
dfs 5000 1 130200
sc 5000 1 392400
bfs 5000 1 129600
dfs 5000 1 130800
sc 5000 1 409800
bfs 5000 1 135000
dfs 5000 1 131600
sc 10000 0.01 17200
bfs 10000 0.01 6136
dfs 10000 0.01 6160
sc 10000 0.01 17760
bfs 10000 0.01 6440
dfs 10000 0.01 6272
sc 10000 0.01 18640
bfs 10000 0.01 6424
dfs 10000 0.01 6496
sc 10000 0.01 18680
bfs 10000 0.01 6784
dfs 10000 0.01 7008
sc 10000 0.01 18640
bfs 10000 0.01 6968
dfs 10000 0.01 6592
sc 10000 0.01 18880
bfs 10000 0.01 6840
dfs 10000 0.01 6520
sc 10000 0.01 18600
bfs 10000 0.01 6520
dfs 10000 0.01 6544
sc 10000 0.01 17960
bfs 10000 0.01 6664
dfs 10000 0.01 6536
sc 10000 0.01 17880
bfs 10000 0.01 6648
dfs 10000 0.01 6496
sc 10000 0.01 17480
bfs 10000 0.01 6256
dfs 10000 0.01 6248
sc 10000 0.05 80800
bfs 10000 0.05 27120
dfs 10000 0.05 27040
sc 10000 0.05 81600
bfs 10000 0.05 26800
dfs 10000 0.05 26960
sc 10000 0.05 81200
bfs 10000 0.05 26840
dfs 10000 0.05 26920
sc 10000 0.05 80200
bfs 10000 0.05 26840
dfs 10000 0.05 27200
sc 10000 0.05 80200
bfs 10000 0.05 26960
dfs 10000 0.05 27240
sc 10000 0.05 80200
bfs 10000 0.05 27000
dfs 10000 0.05 27040
sc 10000 0.05 80000
bfs 10000 0.05 26920
dfs 10000 0.05 27040
sc 10000 0.05 80000
bfs 10000 0.05 27240
dfs 10000 0.05 27400
sc 10000 0.05 80600
bfs 10000 0.05 26920
dfs 10000 0.05 26840
sc 10000 0.05 80800
bfs 10000 0.05 26880
dfs 10000 0.05 27120
sc 10000 0.1 159800
bfs 10000 0.1 52800
dfs 10000 0.1 53600
sc 10000 0.1 158400
bfs 10000 0.1 53400
dfs 10000 0.1 53000
sc 10000 0.1 158000
bfs 10000 0.1 53400
dfs 10000 0.1 55400
sc 10000 0.1 158200
bfs 10000 0.1 53000
dfs 10000 0.1 53200
sc 10000 0.1 157600
bfs 10000 0.1 52600
dfs 10000 0.1 53600
sc 10000 0.1 160200
bfs 10000 0.1 52800
dfs 10000 0.1 53600
sc 10000 0.1 158000
bfs 10000 0.1 53400
dfs 10000 0.1 53000
sc 10000 0.1 165600
bfs 10000 0.1 54600
dfs 10000 0.1 54000
sc 10000 0.1 159800
bfs 10000 0.1 53600
dfs 10000 0.1 53200
sc 10000 0.1 160600
bfs 10000 0.1 53600
dfs 10000 0.1 53400
sc 10000 0.5 813400
bfs 10000 0.5 268600
dfs 10000 0.5 276200
sc 10000 0.5 818000
bfs 10000 0.5 270600
dfs 10000 0.5 281600
sc 10000 0.5 789800
bfs 10000 0.5 260600
dfs 10000 0.5 270600
sc 10000 0.5 788600
bfs 10000 0.5 264000
dfs 10000 0.5 261800
sc 10000 0.5 790200
bfs 10000 0.5 261600
dfs 10000 0.5 262600
sc 10000 0.5 791200
bfs 10000 0.5 261400
dfs 10000 0.5 260000
sc 10000 0.5 809000
bfs 10000 0.5 263400
dfs 10000 0.5 265800
sc 10000 0.5 788800
bfs 10000 0.5 264000
dfs 10000 0.5 262000
sc 10000 0.5 786800
bfs 10000 0.5 259600
dfs 10000 0.5 260800
sc 10000 0.5 791000
bfs 10000 0.5 277000
dfs 10000 0.5 262600
sc 10000 1 1575600
bfs 10000 1 521600
dfs 10000 1 521400
sc 10000 1 1643200
bfs 10000 1 530800
dfs 10000 1 532600
sc 10000 1 1585200
bfs 10000 1 534800
dfs 10000 1 530000
sc 10000 1 1649600
bfs 10000 1 569600
dfs 10000 1 565200
sc 10000 1 1594200
bfs 10000 1 539800
dfs 10000 1 533000
sc 10000 1 1575200
bfs 10000 1 530800
dfs 10000 1 522600
sc 10000 1 1664200
bfs 10000 1 567200
dfs 10000 1 561400
sc 10000 1 1595800
bfs 10000 1 536000
dfs 10000 1 526000
sc 10000 1 1671600
bfs 10000 1 555400
dfs 10000 1 546800
sc 10000 1 1651400
bfs 10000 1 563200
dfs 10000 1 556000
